DVFS tables: units mV/MHz
vdd_cpu   table version: p4v58_p4Av07    
vdd_core  table version: p4v50_p4Av05    
vdd_gpu   table version: p4v50_p4Av05    

vdd_cpu             957    957    957    957    957    957    957    957   1130   1168   1226   1284   1341   1418   1495   1591
vdd_cpu  (dfll)     842    842    842    842    880    919    938    976   1015   1053   1072   1111   1130   1130   1188   1226
cpu_g             204.0  306.0  408.0  510.0  612.0  714.0  816.0  918.0 1020.0 1122.0 1224.0 1326.0 1428.0 1555.5 1632.0 1734.0

vdd_cpu             861    861    861    861    880    919    957   1015   1072   1111
cpu_lp            204.0  307.2  403.2  518.4  614.4  710.4  825.6  921.6 1036.8 1132.8

vdd_core            800    812    825    837    850    887
emc               204.0  408.0  800.0 1065.6 1331.2 1600.0

vdd_core            800    825    850    875    900    925    950    975   1000   1025   1050   1062   1075
vic03             192.0  192.0  307.2  345.6  409.6  486.4  524.8  550.4  576.0  588.8  614.4  614.4  627.2
nvjpg             192.0  192.0  307.2  345.6  409.6  486.4  524.8  550.4  576.0  588.8  614.4  614.4  627.2
se                192.0  192.0  307.2  345.6  409.6  486.4  524.8  550.4  576.0  588.8  614.4  614.4  627.2
tsecb             192.0  192.0  307.2  345.6  409.6  486.4  524.8  550.4  576.0  588.8  614.4  614.4  627.2
c2bus             192.0  192.0  307.2  345.6  409.6  486.4  524.8  550.4  576.0  588.8  614.4  614.4  627.2
msenc             268.8  268.8  384.0  448.0  486.4  550.4  576.0  614.4  652.8  678.4  691.2  691.2  716.8
nvdec             268.8  268.8  384.0  448.0  486.4  550.4  576.0  614.4  652.8  678.4  691.2  691.2  716.8
c3bus             268.8  268.8  384.0  448.0  486.4  550.4  576.0  614.4  652.8  678.4  691.2  691.2  716.8
vi                268.8  268.8  473.6  473.6  576.0  588.8  678.4  691.2  691.2  691.2  793.6  793.6  793.6
isp               268.8  268.8  473.6  473.6  576.0  588.8  678.4  691.2  691.2  691.2  793.6  793.6  793.6
cbus              268.8  268.8  473.6  473.6  576.0  588.8  678.4  691.2  691.2  691.2  793.6  793.6  793.6
adsp_bus          230.4  230.4  422.4  460.8  524.8  601.6  652.8  704.0  755.2  819.2  844.8  844.8  844.8
ape               179.2  179.2  307.2  345.6  371.2  409.6  422.4  460.8  499.2  499.2  499.2  499.2  499.2
sbus              140.8  140.8  230.4  256.0  281.6  307.2  332.8  358.4  371.2  408.0  408.0  408.0  408.0
host1x             81.6   81.6  153.6  179.2  192.0  217.6  345.6  358.4  384.0  408.0  408.0  408.0  408.0
tsec              268.8  268.8  408.0  408.0  408.0  408.0  408.0  408.0  408.0  408.0  408.0  408.0  408.0
mselect           204.0  204.0  408.0  408.0  408.0  408.0  408.0  408.0  408.0  408.0  408.0  408.0  408.0
disp1             243.2  243.2  422.4  460.8  499.2  524.8  563.2  576.0  601.6  640.0  665.6  665.6  665.6
disp2             243.2  243.2  422.4  460.8  499.2  524.8  563.2  576.0  601.6  640.0  665.6  665.6  665.6
dsia              500.0  500.0  500.0  500.0  750.0  750.0  750.0  750.0  750.0  750.0  750.0  750.0  750.0
dsib              500.0  500.0  500.0  500.0  750.0  750.0  750.0  750.0  750.0  750.0  750.0  750.0  750.0
sor0              162.0  162.0  270.0  270.0  270.0  540.0  540.0  540.0  540.0  540.0  540.0  540.0  540.0
sor1              148.5  148.5  297.0  297.0  297.0  297.0  297.0  594.0  594.0  594.0  594.0  594.0  594.0
d_audio            49.1   49.1   98.3   98.3   98.3   98.3   98.3   98.3   98.3   98.3   98.3   98.3   98.3
spdif_out          24.5   24.5   24.5   24.5   24.5   24.5   24.7   24.7   24.7   24.7   24.7   24.7   24.7
sdmmc2              0.0  204.0  204.0  204.0  204.0  204.0  204.0  204.0  204.0  204.0  204.0  204.0  204.0
sdmmc4              0.0  200.0  266.0  266.0  266.0  266.0  266.0  266.0  266.0  266.0  266.0  266.0  266.0
sdmmc1            136.0  136.0  204.0  204.0  204.0  204.0  204.0  204.0  204.0  204.0  204.0  204.0  204.0
sdmmc3            136.0  136.0  204.0  204.0  204.0  204.0  204.0  204.0  204.0  204.0  204.0  204.0  204.0
xusb_falcon_src     0.0    0.0  336.0  336.0  336.0  336.0  336.0  336.0  336.0  336.0  336.0  336.0  336.0
xusb_host_src       0.0    0.0  112.0  112.0  112.0  112.0  112.0  112.0  112.0  112.0  112.0  112.0  112.0
xusb_dev_src        0.0    0.0  112.0  112.0  112.0  112.0  112.0  112.0  112.0  112.0  112.0  112.0  112.0
xusb_ssp_src        0.0    0.0  120.0  120.0  120.0  120.0  120.0  120.0  120.0  120.0  120.0  120.0  120.0
xusb_fs_src         0.0    0.0   48.0   48.0   48.0   48.0   48.0   48.0   48.0   48.0   48.0   48.0   48.0
xusb_hs_src         0.0    0.0  120.0  120.0  120.0  120.0  120.0  120.0  120.0  120.0  120.0  120.0  120.0
sata                0.0    0.0  102.0  102.0  102.0  102.0  102.0  102.0  102.0  102.0  102.0  102.0  102.0
sata_oob            0.0    0.0  204.0  204.0  204.0  204.0  204.0  204.0  204.0  204.0  204.0  204.0  204.0
pciex               0.0    0.0  500.0  500.0  500.0  500.0  500.0  500.0  500.0  500.0  500.0  500.0  500.0
sbc1               12.0   35.0   50.0   50.0   65.0   65.0   65.0   65.0   65.0   65.0   65.0   65.0   65.0
sbc2               12.0   35.0   50.0   50.0   65.0   65.0   65.0   65.0   65.0   65.0   65.0   65.0   65.0
sbc3               12.0   35.0   50.0   50.0   65.0   65.0   65.0   65.0   65.0   65.0   65.0   65.0   65.0
sbc4               12.0   35.0   50.0   50.0   65.0   65.0   65.0   65.0   65.0   65.0   65.0   65.0   65.0
qspi               81.6   81.6  116.6  116.6  116.6  116.6  116.6  116.6  116.6  116.6  116.6  116.6  116.6

vdd_gpu             820    820    820    820    820    820    820    860    900    940    980   1020   1070
gbus               76.8  153.6  230.4  307.2  384.0  460.8  537.6  614.4  691.2  768.0  844.8  921.6  998.4
